17:26:35.370 00 00 
17:26:41.033 00 00 
17:26:43.418 00 00 00 00 
17:26:44.761 01 00 00 00 
17:26:46.122 02 10 11 11 00 00 00 00 00 00 00 00 
17:26:47.450 03 10 11 11 00 00 00 00 00 00 00 00 
17:26:48.794 04 10 11 11 00 00 00 00 00 00 00 00 
17:26:50.137 05 10 22 22 00 00 00 00 00 00 00 00 20 02 00 40 
17:26:51.482 06 10 22 22 00 00 00 00 00 00 00 00 8C 43 00 04 
17:26:52.825 07 10 22 22 00 00 00 00 00 00 00 00 8C 44 00 10 
17:26:54.170 08 10 22 22 00 00 00 00 00 00 00 00 8C 45 00 14 
17:26:55.513 09 10 22 22 00 00 00 00 00 00 00 00 00 A3 30 20 
17:26:56.858 0A 10 22 22 00 00 00 00 00 00 00 00 AC 46 00 00 
17:26:58.201 0B 10 22 22 00 00 00 00 00 00 00 00 8C 47 00 20 
17:26:59.545 0C 10 22 22 00 00 00 00 00 00 00 00 8C 08 01 50 
17:27:00.873 0D 10 11 11 00 00 00 00 00 00 00 00 
17:27:02.202 0E 10 11 11 00 00 00 00 00 00 00 00 
17:27:03.561 0F 10 11 11 00 00 00 00 20 02 00 40 
17:27:04.889 10 00 00 00 
17:27:06.233 11 00 00 00 
17:27:07.578 12 00 00 00 
17:27:08.938 13 10 11 11 00 00 00 04 8C 43 00 04 
17:27:10.265 14 00 00 00 
17:27:11.609 15 00 77 77 00 02 00 00 00 40 
17:27:12.954 16 10 11 11 00 00 00 08 8C 44 00 10 
17:27:14.297 17 01 33 33 00 00 00 44 00 00 00 00 
17:27:15.641 18 01 33 33 00 00 00 44 00 00 00 00 
17:27:16.985 19 01 33 33 00 00 00 44 00 00 00 00 
17:27:18.329 1A 01 44 44 00 00 00 44 00 00 00 40 00 00 00 00 
17:27:19.673 1B 01 44 44 00 00 00 44 00 00 00 40 00 00 00 01 
17:27:21.017 1C 01 44 44 00 00 00 44 00 00 00 40 00 00 00 02 
17:27:22.361 1D 01 44 44 00 00 00 44 00 00 00 40 00 00 00 03 
17:27:23.705 1E 01 44 44 00 00 00 44 00 00 00 40 00 00 00 04 
17:27:25.049 1F 01 44 44 00 00 00 44 00 00 00 40 00 00 00 05 
17:27:26.393 20 01 44 44 00 00 00 44 00 00 00 40 00 00 00 06 
17:27:27.705 21 01 44 44 00 00 00 44 00 00 00 40 00 00 00 07 
17:27:29.065 22 01 33 33 00 00 00 44 00 00 00 00 
17:27:30.393 23 01 33 33 00 00 00 44 00 00 00 00 
17:27:31.753 24 01 33 33 00 00 00 44 00 00 00 01 
17:27:33.081 25 00 77 77 00 03 00 00 00 01 
17:27:34.441 26 10 11 11 00 00 00 0C 8C 45 00 14 
17:27:35.769 27 01 33 33 00 00 00 50 00 00 00 00 
17:27:37.113 28 01 33 33 00 00 00 50 00 00 00 04 
17:27:38.457 29 00 77 77 00 04 00 00 00 04 
17:27:39.625 2A 10 11 11 00 00 00 10 00 A3 30 20 
17:28:07.992 2B 01 33 33 00 00 00 54 00 00 00 00 
17:28:09.336 2C 01 33 33 00 00 00 54 00 00 00 05 
17:28:10.664 2D 00 77 77 00 05 00 00 00 05 
17:28:12.008 2E 10 11 11 00 00 00 14 AC 46 00 00 
17:28:13.352 2F 00 00 00 
17:28:14.696 30 00 77 77 00 06 00 00 00 06 
17:28:16.024 31 10 11 11 00 00 00 18 8C 47 00 20 
17:28:17.383 32 01 55 55 00 00 00 40 00 00 00 06 
17:28:18.727 33 01 55 55 00 00 00 40 00 00 00 06 
17:28:20.072 34 00 77 77 00 06 00 00 00 06 
17:28:21.416 35 10 11 11 00 00 00 1C 8C 08 01 50 
17:28:22.760 36 01 33 33 00 00 00 60 00 00 00 00 
17:28:24.088 37 01 33 33 00 00 00 60 00 00 00 00 
17:28:25.448 38 01 44 44 00 00 00 60 00 00 00 60 00 00 00 08 
17:28:26.760 39 01 44 44 00 00 00 60 00 00 00 60 00 00 00 09 
17:28:28.119 3A 01 44 44 00 00 00 60 00 00 00 60 00 00 00 0A 
17:28:29.447 3B 01 44 44 00 00 00 60 00 00 00 60 00 00 00 0B 
17:28:30.808 3C 01 44 44 00 00 00 60 00 00 00 60 00 00 00 0C 
17:28:32.136 3D 01 44 44 00 00 00 60 00 00 00 60 00 00 00 0D 
17:28:33.496 3E 01 44 44 00 00 00 60 00 00 00 60 00 00 00 0E 
17:28:34.823 3F 01 44 44 00 00 00 60 00 00 00 60 00 00 00 0F 
17:28:36.168 40 01 33 33 00 00 00 60 00 00 00 00 
17:28:37.511 41 01 33 33 00 00 00 60 00 00 00 00 
17:28:38.856 42 01 33 33 00 00 00 60 00 00 00 08 
17:28:40.199 43 00 77 77 00 07 00 00 00 08 
17:28:41.543 44 10 11 11 00 00 00 20 00 00 00 00 
17:28:42.888 45 11 33 33 00 00 01 50 00 00 00 00 
17:28:44.231 46 11 33 33 00 00 01 50 00 00 00 00 
17:28:45.575 47 11 33 33 00 00 01 50 00 00 00 00 
17:28:46.920 48 11 66 66 00 00 01 50 00 00 00 00 00 00 00 06 
17:28:48.263 49 11 66 66 00 00 01 50 00 00 00 00 00 00 00 06 
17:28:49.607 4A 11 66 66 00 00 01 50 00 00 00 00 00 00 00 01 
17:28:50.951 4B 11 66 66 00 00 01 50 00 00 00 00 00 00 00 02 
17:28:52.263 4C 11 66 66 00 00 01 50 00 00 00 00 00 00 00 03 
17:28:53.623 4D 11 66 66 00 00 01 50 00 00 00 00 00 00 00 04 
17:28:54.951 4E 11 66 66 00 00 01 50 00 00 00 00 00 00 00 05 
17:28:56.311 4F 11 66 66 00 00 01 50 00 00 00 00 00 00 00 06 
17:28:57.639 50 11 33 33 00 00 01 50 00 00 00 00 
17:28:58.999 51 01 33 33 00 00 01 50 00 00 00 00 
17:29:00.327 52 01 44 44 00 00 01 50 00 00 01 40 00 00 02 00 
17:29:01.687 53 01 44 44 00 00 01 50 00 00 01 40 00 01 02 11 
17:29:03.015 54 01 44 44 00 00 01 50 00 00 01 40 00 00 02 12 
17:29:04.359 55 01 44 44 00 00 01 50 00 00 01 40 00 00 02 13 
17:29:05.703 56 01 44 44 00 00 01 50 00 00 01 40 00 00 02 14 
17:29:07.046 57 01 44 44 00 00 01 50 00 00 01 40 00 00 02 15 
17:29:08.391 58 01 44 44 00 00 01 50 00 00 01 40 00 00 02 16 
17:29:09.735 59 01 44 44 00 00 01 50 00 00 01 40 00 00 02 17 
17:29:11.079 5A 01 33 33 00 00 01 50 00 00 00 00 
17:29:12.406 5B 01 33 33 00 00 01 50 00 00 00 00 
17:29:13.751 5C 01 33 33 00 00 01 50 00 00 02 14 
17:29:15.079 5D 00 77 77 00 08 00 00 02 14 
17:29:16.439 5E 00 00 00 
17:29:17.767 5F 10 11 11 00 00 00 24 AC 49 00 24 
17:29:19.127 60 01 33 33 00 00 00 58 00 00 00 00 
17:29:20.455 61 01 33 33 00 00 00 58 00 00 00 00 
17:29:21.815 62 01 44 44 00 00 00 58 00 00 00 40 00 00 00 00 
17:29:23.143 63 01 44 44 00 00 00 58 00 00 00 40 00 00 00 01 
17:29:24.502 64 01 44 44 00 00 00 58 00 00 00 40 00 00 00 02 
17:29:25.831 65 01 44 44 00 00 00 58 00 00 00 40 00 00 00 03 
17:29:27.191 66 01 44 44 00 00 00 58 00 00 00 40 00 00 00 04 
17:29:28.519 67 01 44 44 00 00 00 58 00 00 00 40 00 00 00 05 
17:29:29.863 68 01 44 44 00 00 00 58 00 00 00 40 00 00 00 06 
17:29:31.207 69 01 44 44 00 00 00 58 00 00 00 40 00 00 00 07 
17:29:32.551 6A 01 33 33 00 00 00 58 00 00 00 00 
17:29:33.895 6B 01 33 33 00 00 00 58 00 00 00 00 
17:29:35.238 6C 01 33 33 00 00 00 58 00 00 00 06 
17:29:36.566 6D 00 77 77 00 09 00 00 00 06 
17:29:37.911 6E 10 11 11 00 00 00 28 00 00 00 00 
17:29:39.254 6F 01 55 55 00 00 00 64 00 00 00 06 
17:29:40.583 70 01 55 55 00 00 00 64 00 00 00 06 
17:29:41.942 71 00 77 77 00 09 00 00 00 06 
17:29:43.270 72 10 11 11 00 00 00 2C 00 00 00 00 
17:29:44.615 73 00 00 00 
17:29:45.958 74 00 00 00 
17:29:47.318 75 10 11 11 00 00 00 30 00 00 00 00 
17:29:48.646 76 00 00 00 
17:29:49.991 77 00 00 00 